full-key,sparse-key,x,y,z,qw,qx,qy,qz
6989586621679010659,6989586621679010659,0,0,0,1,0,0,0
6989586621679010658,6989586621679010658,0,0,0,1,0,0,0
6989586621679010657,6989586621679010657,0,0,0,1,0,0,0
6989586621679010656,6989586621679010656,0,0,0,1,0,0,0
6989586621679010655,6989586621679010655,0,0,0,1,0,0,0
6989586621679010654,6989586621679010654,0,0,0,1,0,0,0
6989586621679010653,6989586621679010653,0,0,0,1,0,0,0
6989586621679010652,6989586621679010652,0,0,0,1,0,0,0
6989586621679010651,6989586621679010651,0,0,0,1,0,0,0
6989586621679010650,6989586621679010650,0,0,0,1,0,0,0
6989586621679010649,6989586621679010649,0,0,0,1,0,0,0
6989586621679010648,6989586621679010648,0,0,0,1,0,0,0
6989586621679010647,6989586621679010647,0,0,0,1,0,0,0
6989586621679010646,6989586621679010646,0,0,0,1,0,0,0
6989586621679010645,6989586621679010645,0,0,0,1,0,0,0
6989586621679010644,6989586621679010644,0,0,0,1,0,0,0
6989586621679010643,6989586621679010643,0,0,0,1,0,0,0
6989586621679010642,6989586621679010642,0,0,0,1,0,0,0
6989586621679010641,6989586621679010641,0,0,0,1,0,0,0
6989586621679010640,6989586621679010640,0,0,0,1,0,0,0
6989586621679010639,6989586621679010639,0,0,0,1,0,0,0
6989586621679010638,6989586621679010638,0,0,0,1,0,0,0
6989586621679010637,6989586621679010637,0,0,0,1,0,0,0
6989586621679010636,6989586621679010636,0,0,0,1,0,0,0
6989586621679010635,6989586621679010635,0,0,0,1,0,0,0
6989586621679010634,6989586621679010634,0,0,0,1,0,0,0
6989586621679010633,6989586621679010633,0,0,0,1,0,0,0
6989586621679010632,6989586621679010632,0,0,0,1,0,0,0
6989586621679010631,6989586621679010631,0,0,0,1,0,0,0
6989586621679010630,6989586621679010630,0,0,0,1,0,0,0
6989586621679010629,6989586621679010629,0,0,0,1,0,0,0
6989586621679010628,6989586621679010628,0,0,0,1,0,0,0
6989586621679010627,6989586621679010627,0,0,0,1,0,0,0
6989586621679010626,6989586621679010626,0,0,0,1,0,0,0
6989586621679010625,6989586621679010625,0,0,0,1,0,0,0
6989586621679010624,6989586621679010624,0,0,0,1,0,0,0
6989586621679010623,6989586621679010623,0,0,0,1,0,0,0
6989586621679010622,6989586621679010622,0,0,0,1,0,0,0
6989586621679010621,6989586621679010621,0,0,0,1,0,0,0
6989586621679010620,6989586621679010620,0,0,0,1,0,0,0
6989586621679010619,6989586621679010619,0,0,0,1,0,0,0
6989586621679010618,6989586621679010618,0,0,0,1,0,0,0
6989586621679010617,6989586621679010617,0,0,0,1,0,0,0
6989586621679010616,6989586621679010616,0,0,0,1,0,0,0
6989586621679010615,6989586621679010615,0,0,0,1,0,0,0
6989586621679010614,6989586621679010614,0,0,0,1,0,0,0
6989586621679010613,6989586621679010613,0,0,0,1,0,0,0
6989586621679010612,6989586621679010612,0,0,0,1,0,0,0
6989586621679010611,6989586621679010611,0,0,0,1,0,0,0
6989586621679010610,6989586621679010610,0,0,0,1,0,0,0
6989586621679010609,6989586621679010609,0,0,0,1,0,0,0
6989586621679010608,6989586621679010608,0,0,0,1,0,0,0
6989586621679010607,6989586621679010607,0,0,0,1,0,0,0
6989586621679010606,6989586621679010606,0,0,0,1,0,0,0
6989586621679010605,6989586621679010605,0,0,0,1,0,0,0
6989586621679010604,6989586621679010604,0,0,0,1,0,0,0
6989586621679010603,6989586621679010603,0,0,0,1,0,0,0
6989586621679010602,6989586621679010602,0,0,0,1,0,0,0
6989586621679010601,6989586621679010601,0,0,0,1,0,0,0
6989586621679010600,6989586621679010600,0,0,0,1,0,0,0
6989586621679010599,6989586621679010599,0,0,0,1,0,0,0
6989586621679010598,6989586621679010598,0,0,0,1,0,0,0
6989586621679010597,6989586621679010597,0,0,0,1,0,0,0
6989586621679010596,6989586621679010596,0,0,0,1,0,0,0
6989586621679010595,6989586621679010595,0,0,0,1,0,0,0
6989586621679010594,6989586621679010594,0,0,0,1,0,0,0
6989586621679010593,6989586621679010593,0,0,0,1,0,0,0
6989586621679010592,6989586621679010592,0,0,0,1,0,0,0
6989586621679010591,6989586621679010591,0,0,0,1,0,0,0
6989586621679010590,6989586621679010590,0,0,0,1,0,0,0
6989586621679010589,6989586621679010589,0,0,0,1,0,0,0
6989586621679010588,6989586621679010588,0,0,0,1,0,0,0
6989586621679010587,6989586621679010587,0,0,0,1,0,0,0
6989586621679010586,6989586621679010586,0,0,0,1,0,0,0
6989586621679010585,6989586621679010585,0,0,0,1,0,0,0
6989586621679010584,6989586621679010584,0,0,0,1,0,0,0
6989586621679010583,6989586621679010583,0,0,0,1,0,0,0
6989586621679010582,6989586621679010582,0,0,0,1,0,0,0
6989586621679010581,6989586621679010581,0,0,0,1,0,0,0
6989586621679010580,6989586621679010580,0,0,0,1,0,0,0
6989586621679010579,6989586621679010579,0,0,0,1,0,0,0
6989586621679010578,6989586621679010578,0,0,0,1,0,0,0
6989586621679010577,6989586621679010577,0,0,0,1,0,0,0
6989586621679010576,6989586621679010576,0,0,0,1,0,0,0
6989586621679010575,6989586621679010575,0,0,0,1,0,0,0
6989586621679010574,6989586621679010574,0,0,0,1,0,0,0
6989586621679010573,6989586621679010573,0,0,0,1,0,0,0
6989586621679010572,6989586621679010572,0,0,0,1,0,0,0
6989586621679010571,6989586621679010571,0,0,0,1,0,0,0
6989586621679010570,6989586621679010570,0,0,0,1,0,0,0
6989586621679010569,6989586621679010569,0,0,0,1,0,0,0
6989586621679010568,6989586621679010568,0,0,0,1,0,0,0
6989586621679010567,6989586621679010567,0,0,0,1,0,0,0
6989586621679010566,6989586621679010566,0,0,0,1,0,0,0
6989586621679010565,6989586621679010565,0,0,0,1,0,0,0
6989586621679010564,6989586621679010564,0,0,0,1,0,0,0
6989586621679010563,6989586621679010563,0,0,0,1,0,0,0
6989586621679010562,6989586621679010562,0,0,0,1,0,0,0
6989586621679010561,6989586621679010561,0,0,0,1,0,0,0
6989586621679010560,6989586621679010560,0,0,0,1,0,0,0
6989586621679010559,6989586621679010559,0,0,0,1,0,0,0
6989586621679010558,6989586621679010558,0,0,0,1,0,0,0
6989586621679010557,6989586621679010557,0,0,0,1,0,0,0
6989586621679010556,6989586621679010556,0,0,0,1,0,0,0
6989586621679010555,6989586621679010555,0,0,0,1,0,0,0
6989586621679010554,6989586621679010554,0,0,0,1,0,0,0
6989586621679010553,6989586621679010553,0,0,0,1,0,0,0
6989586621679010552,6989586621679010552,0,0,0,1,0,0,0
6989586621679010551,6989586621679010551,0,0,0,1,0,0,0
6989586621679010550,6989586621679010550,0,0,0,1,0,0,0
6989586621679010549,6989586621679010549,0,0,0,1,0,0,0
6989586621679010548,6989586621679010548,0,0,0,1,0,0,0
6989586621679010547,6989586621679010547,0,0,0,1,0,0,0
6989586621679010546,6989586621679010546,0,0,0,1,0,0,0
6989586621679010545,6989586621679010545,0,0,0,1,0,0,0
6989586621679010544,6989586621679010544,0,0,0,1,0,0,0
6989586621679010543,6989586621679010543,0,0,0,1,0,0,0
6989586621679010542,6989586621679010542,0,0,0,1,0,0,0
6989586621679010541,6989586621679010541,0,0,0,1,0,0,0
6989586621679010540,6989586621679010540,0,0,0,1,0,0,0
6989586621679010539,6989586621679010539,0,0,0,1,0,0,0
6989586621679010538,6989586621679010538,0,0,0,1,0,0,0
6989586621679010537,6989586621679010537,0,0,0,1,0,0,0
6989586621679010536,6989586621679010536,0,0,0,1,0,0,0
6989586621679010535,6989586621679010535,0,0,0,1,0,0,0
6989586621679010534,6989586621679010534,0,0,0,1,0,0,0
6989586621679010533,6989586621679010533,0,0,0,1,0,0,0
6989586621679010532,6989586621679010532,0,0,0,1,0,0,0
6989586621679010531,6989586621679010531,0,0,0,1,0,0,0
6989586621679010530,6989586621679010530,0,0,0,1,0,0,0
6989586621679010529,6989586621679010529,0,0,0,1,0,0,0
6989586621679010528,6989586621679010528,0,0,0,1,0,0,0
6989586621679010527,6989586621679010527,0,0,0,1,0,0,0
6989586621679010526,6989586621679010526,0,0,0,1,0,0,0
6989586621679010525,6989586621679010525,0,0,0,1,0,0,0
6989586621679010524,6989586621679010524,0,0,0,1,0,0,0
6989586621679010523,6989586621679010523,0,0,0,1,0,0,0
6989586621679010522,6989586621679010522,0,0,0,1,0,0,0
6989586621679010521,6989586621679010521,0,0,0,1,0,0,0
6989586621679010520,6989586621679010520,0,0,0,1,0,0,0
6989586621679010519,6989586621679010519,0,0,0,1,0,0,0
6989586621679010518,6989586621679010518,0,0,0,1,0,0,0
6989586621679010517,6989586621679010517,0,0,0,1,0,0,0
6989586621679010516,6989586621679010516,0,0,0,1,0,0,0
6989586621679010515,6989586621679010515,0,0,0,1,0,0,0
6989586621679010514,6989586621679010514,0,0,0,1,0,0,0
6989586621679010513,6989586621679010513,0,0,0,1,0,0,0
6989586621679010512,6989586621679010512,0,0,0,1,0,0,0
6989586621679010511,6989586621679010511,0,0,0,1,0,0,0
6989586621679010510,6989586621679010510,0,0,0,1,0,0,0
6989586621679010509,6989586621679010509,0,0,0,1,0,0,0
6989586621679010508,6989586621679010508,0,0,0,1,0,0,0
6989586621679010507,6989586621679010507,0,0,0,1,0,0,0
6989586621679010506,6989586621679010506,0,0,0,1,0,0,0
6989586621679010505,6989586621679010505,0,0,0,1,0,0,0
6989586621679010504,6989586621679010504,0,0,0,1,0,0,0
6989586621679010503,6989586621679010503,0,0,0,1,0,0,0
6989586621679010502,6989586621679010502,0,0,0,1,0,0,0
6989586621679010501,6989586621679010501,0,0,0,1,0,0,0
6989586621679010500,6989586621679010500,0,0,0,1,0,0,0
6989586621679010499,6989586621679010499,0,0,0,1,0,0,0
6989586621679010498,6989586621679010498,0,0,0,1,0,0,0
6989586621679010497,6989586621679010497,0,0,0,1,0,0,0
6989586621679010496,6989586621679010496,0,0,0,1,0,0,0
6989586621679010495,6989586621679010495,0,0,0,1,0,0,0
6989586621679010494,6989586621679010494,0,0,0,1,0,0,0
6989586621679010493,6989586621679010493,0,0,0,1,0,0,0
6989586621679010492,6989586621679010492,0,0,0,1,0,0,0
6989586621679010491,6989586621679010491,0,0,0,1,0,0,0
6989586621679010490,6989586621679010490,0,0,0,1,0,0,0
6989586621679010489,6989586621679010489,0,0,0,1,0,0,0
6989586621679010488,6989586621679010488,0,0,0,1,0,0,0
6989586621679010487,6989586621679010487,0,0,0,1,0,0,0
6989586621679010486,6989586621679010486,0,0,0,1,0,0,0
6989586621679010485,6989586621679010485,0,0,0,1,0,0,0
6989586621679010484,6989586621679010484,0,0,0,1,0,0,0
6989586621679010483,6989586621679010483,0,0,0,1,0,0,0
6989586621679010482,6989586621679010482,0,0,0,1,0,0,0
6989586621679010481,6989586621679010481,0,0,0,1,0,0,0
6989586621679010480,6989586621679010480,0,0,0,1,0,0,0
6989586621679010479,6989586621679010479,0,0,0,1,0,0,0
6989586621679010478,6989586621679010478,0,0,0,1,0,0,0
6989586621679010477,6989586621679010477,0,0,0,1,0,0,0
6989586621679010476,6989586621679010476,0,0,0,1,0,0,0
6989586621679010475,6989586621679010475,0,0,0,1,0,0,0
6989586621679010474,6989586621679010474,0,0,0,1,0,0,0
6989586621679010473,6989586621679010473,0,0,0,1,0,0,0
6989586621679010472,6989586621679010472,0,0,0,1,0,0,0
6989586621679010471,6989586621679010471,0,0,0,1,0,0,0
6989586621679010470,6989586621679010470,0,0,0,1,0,0,0
6989586621679010469,6989586621679010469,0,0,0,1,0,0,0
6989586621679010468,6989586621679010468,0,0,0,1,0,0,0
6989586621679010467,6989586621679010467,0,0,0,1,0,0,0
6989586621679010466,6989586621679010466,0,0,0,1,0,0,0
6989586621679010465,6989586621679010465,0,0,0,1,0,0,0
6989586621679010464,6989586621679010464,0,0,0,1,0,0,0
6989586621679010463,6989586621679010463,0,0,0,1,0,0,0
6989586621679010462,6989586621679010462,0,0,0,1,0,0,0
6989586621679010461,6989586621679010461,0,0,0,1,0,0,0
6989586621679010460,6989586621679010460,0,0,0,1,0,0,0
6989586621679010459,6989586621679010459,0,0,0,1,0,0,0
6989586621679010458,6989586621679010458,0,0,0,1,0,0,0
6989586621679010457,6989586621679010457,0,0,0,1,0,0,0
6989586621679010456,6989586621679010456,0,0,0,1,0,0,0
6989586621679010455,6989586621679010455,0,0,0,1,0,0,0
6989586621679010454,6989586621679010454,0,0,0,1,0,0,0
6989586621679010453,6989586621679010453,0,0,0,1,0,0,0
6989586621679010452,6989586621679010452,0,0,0,1,0,0,0
6989586621679010451,6989586621679010451,0,0,0,1,0,0,0
6989586621679010450,6989586621679010450,0,0,0,1,0,0,0
6989586621679010449,6989586621679010449,0,0,0,1,0,0,0
6989586621679010448,6989586621679010448,0,0,0,1,0,0,0
6989586621679010447,6989586621679010447,0,0,0,1,0,0,0
6989586621679010446,6989586621679010446,0,0,0,1,0,0,0
6989586621679010445,6989586621679010445,0,0,0,1,0,0,0
6989586621679010444,6989586621679010444,0,0,0,1,0,0,0
6989586621679010443,6989586621679010443,0,0,0,1,0,0,0
6989586621679010442,6989586621679010442,0,0,0,1,0,0,0
6989586621679010441,6989586621679010441,0,0,0,1,0,0,0
6989586621679010440,6989586621679010440,0,0,0,1,0,0,0
6989586621679010439,6989586621679010439,0,0,0,1,0,0,0
6989586621679010438,6989586621679010438,0,0,0,1,0,0,0
6989586621679010437,6989586621679010437,0,0,0,1,0,0,0
6989586621679010436,6989586621679010436,0,0,0,1,0,0,0
6989586621679010435,6989586621679010435,0,0,0,1,0,0,0
6989586621679010434,6989586621679010434,0,0,0,1,0,0,0
6989586621679010433,6989586621679010433,0,0,0,1,0,0,0
6989586621679010432,6989586621679010432,0,0,0,1,0,0,0
6989586621679010431,6989586621679010431,0,0,0,1,0,0,0
6989586621679010430,6989586621679010430,0,0,0,1,0,0,0
6989586621679010429,6989586621679010429,0,0,0,1,0,0,0
6989586621679010428,6989586621679010428,0,0,0,1,0,0,0
6989586621679010427,6989586621679010427,0,0,0,1,0,0,0
6989586621679010426,6989586621679010426,0,0,0,1,0,0,0
6989586621679010425,6989586621679010425,0,0,0,1,0,0,0
6989586621679010424,6989586621679010424,0,0,0,1,0,0,0
6989586621679010423,6989586621679010423,0,0,0,1,0,0,0
6989586621679010422,6989586621679010422,0,0,0,1,0,0,0
6989586621679010421,6989586621679010421,0,0,0,1,0,0,0
6989586621679010420,6989586621679010420,0,0,0,1,0,0,0
6989586621679010419,6989586621679010419,0,0,0,1,0,0,0
6989586621679010418,6989586621679010418,0,0,0,1,0,0,0
6989586621679010417,6989586621679010417,0,0,0,1,0,0,0
6989586621679010416,6989586621679010416,0,0,0,1,0,0,0
6989586621679010415,6989586621679010415,0,0,0,1,0,0,0
6989586621679010414,6989586621679010414,0,0,0,1,0,0,0
6989586621679010413,6989586621679010413,0,0,0,1,0,0,0
6989586621679010412,6989586621679010412,0,0,0,1,0,0,0
6989586621679010411,6989586621679010411,0,0,0,1,0,0,0
6989586621679010410,6989586621679010410,0,0,0,1,0,0,0
6989586621679010409,6989586621679010409,0,0,0,1,0,0,0
6989586621679010408,6989586621679010408,0,0,0,1,0,0,0
6989586621679010407,6989586621679010407,0,0,0,1,0,0,0
6989586621679010406,6989586621679010406,0,0,0,1,0,0,0
6989586621679010405,6989586621679010405,0,0,0,1,0,0,0
6989586621679010404,6989586621679010404,0,0,0,1,0,0,0
6989586621679010403,6989586621679010403,0,0,0,1,0,0,0
6989586621679010402,6989586621679010402,0,0,0,1,0,0,0
6989586621679010401,6989586621679010401,0,0,0,1,0,0,0
6989586621679010400,6989586621679010400,0,0,0,1,0,0,0
6989586621679010399,6989586621679010399,0,0,0,1,0,0,0
6989586621679010398,6989586621679010398,0,0,0,1,0,0,0
6989586621679010397,6989586621679010397,0,0,0,1,0,0,0
6989586621679010396,6989586621679010396,0,0,0,1,0,0,0
6989586621679010395,6989586621679010395,0,0,0,1,0,0,0
6989586621679010394,6989586621679010394,0,0,0,1,0,0,0
6989586621679010393,6989586621679010393,0,0,0,1,0,0,0
6989586621679010392,6989586621679010392,0,0,0,1,0,0,0
6989586621679010391,6989586621679010391,0,0,0,1,0,0,0
6989586621679010390,6989586621679010390,0,0,0,1,0,0,0
6989586621679010389,6989586621679010389,0,0,0,1,0,0,0
6989586621679010388,6989586621679010388,0,0,0,1,0,0,0
6989586621679010387,6989586621679010387,0,0,0,1,0,0,0
6989586621679010386,6989586621679010386,0,0,0,1,0,0,0
6989586621679010385,6989586621679010385,0,0,0,1,0,0,0
6989586621679010384,6989586621679010384,0,0,0,1,0,0,0
6989586621679010383,6989586621679010383,0,0,0,1,0,0,0
6989586621679010382,6989586621679010382,0,0,0,1,0,0,0
6989586621679010381,6989586621679010381,0,0,0,1,0,0,0
6989586621679010380,6989586621679010380,0,0,0,1,0,0,0
6989586621679010379,6989586621679010379,0,0,0,1,0,0,0
6989586621679010378,6989586621679010378,0,0,0,1,0,0,0
6989586621679010377,6989586621679010377,0,0,0,1,0,0,0
6989586621679010376,6989586621679010376,0,0,0,1,0,0,0
6989586621679010375,6989586621679010375,0,0,0,1,0,0,0
6989586621679010374,6989586621679010374,0,0,0,1,0,0,0
6989586621679010373,6989586621679010373,0,0,0,1,0,0,0
6989586621679010372,6989586621679010372,0,0,0,1,0,0,0
6989586621679010371,6989586621679010371,0,0,0,1,0,0,0
6989586621679010370,6989586621679010370,0,0,0,1,0,0,0
6989586621679010369,6989586621679010369,0,0,0,1,0,0,0
6989586621679010368,6989586621679010368,0,0,0,1,0,0,0
6989586621679010367,6989586621679010367,0,0,0,1,0,0,0
6989586621679010366,6989586621679010366,0,0,0,1,0,0,0
6989586621679010365,6989586621679010365,0,0,0,1,0,0,0
6989586621679010364,6989586621679010364,0,0,0,1,0,0,0
6989586621679010363,6989586621679010363,0,0,0,1,0,0,0
6989586621679010362,6989586621679010362,0,0,0,1,0,0,0
6989586621679010361,6989586621679010361,0,0,0,1,0,0,0
6989586621679010360,6989586621679010360,0,0,0,1,0,0,0
6989586621679010359,6989586621679010359,0,0,0,1,0,0,0
6989586621679010358,6989586621679010358,0,0,0,1,0,0,0
6989586621679010357,6989586621679010357,0,0,0,1,0,0,0
6989586621679010356,6989586621679010356,0,0,0,1,0,0,0
6989586621679010355,6989586621679010355,0,0,0,1,0,0,0
6989586621679010354,6989586621679010354,0,0,0,1,0,0,0
6989586621679010353,6989586621679010353,0,0,0,1,0,0,0
6989586621679010352,6989586621679010352,0,0,0,1,0,0,0
6989586621679010351,6989586621679010351,0,0,0,1,0,0,0
6989586621679010350,6989586621679010350,0,0,0,1,0,0,0
6989586621679010349,6989586621679010349,0,0,0,1,0,0,0
6989586621679010348,6989586621679010348,0,0,0,1,0,0,0
6989586621679010347,6989586621679010347,0,0,0,1,0,0,0
6989586621679010346,6989586621679010346,0,0,0,1,0,0,0
6989586621679010345,6989586621679010345,0,0,0,1,0,0,0
6989586621679010344,6989586621679010344,0,0,0,1,0,0,0
6989586621679010343,6989586621679010343,0,0,0,1,0,0,0
6989586621679010342,6989586621679010342,0,0,0,1,0,0,0
6989586621679010341,6989586621679010341,0,0,0,1,0,0,0
6989586621679010340,6989586621679010340,0,0,0,1,0,0,0
6989586621679010339,6989586621679010339,0,0,0,1,0,0,0
6989586621679010338,6989586621679010338,0,0,0,1,0,0,0
6989586621679010337,6989586621679010337,0,0,0,1,0,0,0
6989586621679010336,6989586621679010336,0,0,0,1,0,0,0
6989586621679010335,6989586621679010335,0,0,0,1,0,0,0
6989586621679010334,6989586621679010334,0,0,0,1,0,0,0
6989586621679010333,6989586621679010333,0,0,0,1,0,0,0
6989586621679010048,6989586621679010048,0,0,0,1,0,0,0
6989586621679010047,6989586621679010047,0,0,0,1,0,0,0
6989586621679010046,6989586621679010046,0,0,0,1,0,0,0
6989586621679010045,6989586621679010045,0,0,0,1,0,0,0
6989586621679010044,6989586621679010044,0,0,0,1,0,0,0
6989586621679010043,6989586621679010043,0,0,0,1,0,0,0
6989586621679010042,6989586621679010042,0,0,0,1,0,0,0
6989586621679010041,6989586621679010041,0,0,0,1,0,0,0
6989586621679010040,6989586621679010040,0,0,0,1,0,0,0
6989586621679010039,6989586621679010039,0,0,0,1,0,0,0
6989586621679010038,6989586621679010038,0,0,0,1,0,0,0
6989586621679010037,6989586621679010037,0,0,0,1,0,0,0
6989586621679010036,6989586621679010036,0,0,0,1,0,0,0
6989586621679010035,6989586621679010035,0,0,0,1,0,0,0
6989586621679010034,6989586621679010034,0,0,0,1,0,0,0
6989586621679010033,6989586621679010033,0,0,0,1,0,0,0
6989586621679010032,6989586621679010032,0,0,0,1,0,0,0
6989586621679010031,6989586621679010031,0,0,0,1,0,0,0
6989586621679010030,6989586621679010030,0,0,0,1,0,0,0
6989586621679010029,6989586621679010029,0,0,0,1,0,0,0
6989586621679010028,6989586621679010028,0,0,0,1,0,0,0
6989586621679010027,6989586621679010027,0,0,0,1,0,0,0
6989586621679010026,6989586621679010026,0,0,0,1,0,0,0
6989586621679010025,6989586621679010025,0,0,0,1,0,0,0
6989586621679010024,6989586621679010024,0,0,0,1,0,0,0
6989586621679010023,6989586621679010023,0,0,0,1,0,0,0
6989586621679010022,6989586621679010022,0,0,0,1,0,0,0
6989586621679010021,6989586621679010021,0,0,0,1,0,0,0
6989586621679010020,6989586621679010020,0,0,0,1,0,0,0
6989586621679010019,6989586621679010019,0,0,0,1,0,0,0
6989586621679010018,6989586621679010018,0,0,0,1,0,0,0
6989586621679010017,6989586621679010017,0,0,0,1,0,0,0
6989586621679010016,6989586621679010016,0,0,0,1,0,0,0
6989586621679010015,6989586621679010015,0,0,0,1,0,0,0
6989586621679010014,6989586621679010014,0,0,0,1,0,0,0
6989586621679010013,6989586621679010013,0,0,0,1,0,0,0
6989586621679010012,6989586621679010012,0,0,0,1,0,0,0
6989586621679010011,6989586621679010011,0,0,0,1,0,0,0
6989586621679010010,6989586621679010010,0,0,0,1,0,0,0
6989586621679010009,6989586621679010009,0,0,0,1,0,0,0
6989586621679010008,6989586621679010008,0,0,0,1,0,0,0
6989586621679010007,6989586621679010007,0,0,0,1,0,0,0
6989586621679010006,6989586621679010006,0,0,0,1,0,0,0
6989586621679010005,6989586621679010005,0,0,0,1,0,0,0
6989586621679010004,6989586621679010004,0,0,0,1,0,0,0
6989586621679010003,6989586621679010003,0,0,0,1,0,0,0
6989586621679010002,6989586621679010002,0,0,0,1,0,0,0
6989586621679010001,6989586621679010001,0,0,0,1,0,0,0
6989586621679010000,6989586621679010000,0,0,0,1,0,0,0
6989586621679009999,6989586621679009999,0,0,0,1,0,0,0
6989586621679009998,6989586621679009998,0,0,0,1,0,0,0
6989586621679009997,6989586621679009997,0,0,0,1,0,0,0
6989586621679009996,6989586621679009996,0,0,0,1,0,0,0
6989586621679009995,6989586621679009995,0,0,0,1,0,0,0
6989586621679009994,6989586621679009994,0,0,0,1,0,0,0
6989586621679009993,6989586621679009993,0,0,0,1,0,0,0
6989586621679009992,6989586621679009992,0,0,0,1,0,0,0
6989586621679009991,6989586621679009991,0,0,0,1,0,0,0
6989586621679009990,6989586621679009990,0,0,0,1,0,0,0
6989586621679009989,6989586621679009989,0,0,0,1,0,0,0
6989586621679009988,6989586621679009988,0,0,0,1,0,0,0
6989586621679009987,6989586621679009987,0,0,0,1,0,0,0
6989586621679009986,6989586621679009986,0,0,0,1,0,0,0
6989586621679009985,6989586621679009985,0,0,0,1,0,0,0
6989586621679009984,6989586621679009984,0,0,0,1,0,0,0
6989586621679009983,6989586621679009983,0,0,0,1,0,0,0
6989586621679009982,6989586621679009982,0,0,0,1,0,0,0
6989586621679009981,6989586621679009981,0,0,0,1,0,0,0
6989586621679009980,6989586621679009980,0,0,0,1,0,0,0
6989586621679009979,6989586621679009979,0,0,0,1,0,0,0
6989586621679009978,6989586621679009978,0,0,0,1,0,0,0
6989586621679009977,6989586621679009977,0,0,0,1,0,0,0
6989586621679009976,6989586621679009976,0,0,0,1,0,0,0
6989586621679009975,6989586621679009975,0,0,0,1,0,0,0
6989586621679009974,6989586621679009974,0,0,0,1,0,0,0
6989586621679009973,6989586621679009973,0,0,0,1,0,0,0
6989586621679009972,6989586621679009972,0,0,0,1,0,0,0
6989586621679009971,6989586621679009971,0,0,0,1,0,0,0
6989586621679009970,6989586621679009970,0,0,0,1,0,0,0
6989586621679009969,6989586621679009969,0,0,0,1,0,0,0
6989586621679009968,6989586621679009968,0,0,0,1,0,0,0
6989586621679009967,6989586621679009967,0,0,0,1,0,0,0
6989586621679009966,6989586621679009966,0,0,0,1,0,0,0
6989586621679009965,6989586621679009965,0,0,0,1,0,0,0
6989586621679009964,6989586621679009964,0,0,0,1,0,0,0
6989586621679009963,6989586621679009963,0,0,0,1,0,0,0
6989586621679009962,6989586621679009962,0,0,0,1,0,0,0
6989586621679009961,6989586621679009961,0,0,0,1,0,0,0
6989586621679009960,6989586621679009960,0,0,0,1,0,0,0
6989586621679009959,6989586621679009959,0,0,0,1,0,0,0
6989586621679009958,6989586621679009958,0,0,0,1,0,0,0
6989586621679009957,6989586621679009957,0,0,0,1,0,0,0
6989586621679009956,6989586621679009956,0,0,0,1,0,0,0
6989586621679009955,6989586621679009955,0,0,0,1,0,0,0
6989586621679009954,6989586621679009954,0,0,0,1,0,0,0
6989586621679009953,6989586621679009953,0,0,0,1,0,0,0
6989586621679009952,6989586621679009952,0,0,0,1,0,0,0
6989586621679009951,6989586621679009951,0,0,0,1,0,0,0
6989586621679009950,6989586621679009950,0,0,0,1,0,0,0
6989586621679009949,6989586621679009949,0,0,0,1,0,0,0
6989586621679009948,6989586621679009948,0,0,0,1,0,0,0
6989586621679009947,6989586621679009947,0,0,0,1,0,0,0
6989586621679009946,6989586621679009946,0,0,0,1,0,0,0
6989586621679009945,6989586621679009945,0,0,0,1,0,0,0
6989586621679009944,6989586621679009944,0,0,0,1,0,0,0
6989586621679009943,6989586621679009943,0,0,0,1,0,0,0
6989586621679009942,6989586621679009942,0,0,0,1,0,0,0
6989586621679009941,6989586621679009941,0,0,0,1,0,0,0
6989586621679009940,6989586621679009940,0,0,0,1,0,0,0
6989586621679009939,6989586621679009939,0,0,0,1,0,0,0
6989586621679009938,6989586621679009938,0,0,0,1,0,0,0
6989586621679009937,6989586621679009937,0,0,0,1,0,0,0
6989586621679009936,6989586621679009936,0,0,0,1,0,0,0
6989586621679009935,6989586621679009935,0,0,0,1,0,0,0
6989586621679009934,6989586621679009934,0,0,0,1,0,0,0
6989586621679009933,6989586621679009933,0,0,0,1,0,0,0
6989586621679009932,6989586621679009932,0,0,0,1,0,0,0
6989586621679009931,6989586621679009931,0,0,0,1,0,0,0
6989586621679009930,6989586621679009930,0,0,0,1,0,0,0
6989586621679009929,6989586621679009929,0,0,0,1,0,0,0
6989586621679009928,6989586621679009928,0,0,0,1,0,0,0
6989586621679009927,6989586621679009927,0,0,0,1,0,0,0
6989586621679009926,6989586621679009926,0,0,0,1,0,0,0
6989586621679009925,6989586621679009925,0,0,0,1,0,0,0
6989586621679009924,6989586621679009924,0,0,0,1,0,0,0
6989586621679009923,6989586621679009923,0,0,0,1,0,0,0
6989586621679009922,6989586621679009922,0,0,0,1,0,0,0
6989586621679009921,6989586621679009921,0,0,0,1,0,0,0
6989586621679009920,6989586621679009920,0,0,0,1,0,0,0
6989586621679009919,6989586621679009919,0,0,0,1,0,0,0
6989586621679009850,6989586621679009850,0,0,0,1,0,0,0
6989586621679009849,6989586621679009849,0,0,0,1,0,0,0
6989586621679009848,6989586621679009848,0,0,0,1,0,0,0
6989586621679009847,6989586621679009847,0,0,0,1,0,0,0
6989586621679009846,6989586621679009846,0,0,0,1,0,0,0
6989586621679009845,6989586621679009845,0,0,0,1,0,0,0
6989586621679009844,6989586621679009844,0,0,0,1,0,0,0
6989586621679009843,6989586621679009843,0,0,0,1,0,0,0
6989586621679009842,6989586621679009842,0,0,0,1,0,0,0
6989586621679009841,6989586621679009841,0,0,0,1,0,0,0
6989586621679009840,6989586621679009840,0,0,0,1,0,0,0
6989586621679009839,6989586621679009839,0,0,0,1,0,0,0
6989586621679009838,6989586621679009838,0,0,0,1,0,0,0
6989586621679009837,6989586621679009837,0,0,0,1,0,0,0
6989586621679009836,6989586621679009836,0,0,0,1,0,0,0
6989586621679009835,6989586621679009835,0,0,0,1,0,0,0
6989586621679009834,6989586621679009834,0,0,0,1,0,0,0
6989586621679009833,6989586621679009833,0,0,0,1,0,0,0
6989586621679009832,6989586621679009832,0,0,0,1,0,0,0
6989586621679009831,6989586621679009831,0,0,0,1,0,0,0
6989586621679009830,6989586621679009830,0,0,0,1,0,0,0
6989586621679009829,6989586621679009829,0,0,0,1,0,0,0
6989586621679009828,6989586621679009828,0,0,0,1,0,0,0
6989586621679009827,6989586621679009827,0,0,0,1,0,0,0
6989586621679009826,6989586621679009826,0,0,0,1,0,0,0
6989586621679009825,6989586621679009825,0,0,0,1,0,0,0
6989586621679009824,6989586621679009824,0,0,0,1,0,0,0
6989586621679009823,6989586621679009823,0,0,0,1,0,0,0
6989586621679009822,6989586621679009822,0,0,0,1,0,0,0
6989586621679009821,6989586621679009821,0,0,0,1,0,0,0
6989586621679009804,6989586621679009804,0,0,0,1,0,0,0
6989586621679009803,6989586621679009803,0,0,0,1,0,0,0
6989586621679009802,6989586621679009802,0,0,0,1,0,0,0
6989586621679009801,6989586621679009801,0,0,0,1,0,0,0
6989586621679009800,6989586621679009800,0,0,0,1,0,0,0
6989586621679009799,6989586621679009799,0,0,0,1,0,0,0
6989586621679009798,6989586621679009798,0,0,0,1,0,0,0
6989586621679009797,6989586621679009797,0,0,0,1,0,0,0
6989586621679009796,6989586621679009796,0,0,0,1,0,0,0
6989586621679009795,6989586621679009795,0,0,0,1,0,0,0
6989586621679009794,6989586621679009794,0,0,0,1,0,0,0
6989586621679009793,6989586621679009793,0,0,0,1,0,0,0
6989586621679009792,6989586621679009792,0,0,0,1,0,0,0
6989586621679009805,6989586621679009805,0,0,0,1,0,0,0
6989586621679009806,6989586621679009806,0,0,0,1,0,0,0
6989586621679009807,6989586621679009807,0,0,0,1,0,0,0
6989586621679009808,6989586621679009808,0,0,0,1,0,0,0
6989586621679009809,6989586621679009809,0,0,0,1,0,0,0
6989586621679009810,6989586621679009810,0,0,0,1,0,0,0
6989586621679009811,6989586621679009811,0,0,0,1,0,0,0
6989586621679009812,6989586621679009812,0,0,0,1,0,0,0
6989586621679009813,6989586621679009813,0,0,0,1,0,0,0
6989586621679009814,6989586621679009814,0,0,0,1,0,0,0
6989586621679009815,6989586621679009815,0,0,0,1,0,0,0
6989586621679009816,6989586621679009816,0,0,0,1,0,0,0
6989586621679009817,6989586621679009817,0,0,0,1,0,0,0
6989586621679009818,6989586621679009818,0,0,0,1,0,0,0
6989586621679009819,6989586621679009819,0,0,0,1,0,0,0
6989586621679009820,6989586621679009820,0,0,0,1,0,0,0
6989586621679009851,6989586621679009851,0,0,0,1,0,0,0
6989586621679009852,6989586621679009852,0,0,0,1,0,0,0
6989586621679009853,6989586621679009853,0,0,0,1,0,0,0
6989586621679009854,6989586621679009854,0,0,0,1,0,0,0
6989586621679009855,6989586621679009855,0,0,0,1,0,0,0
6989586621679009856,6989586621679009856,0,0,0,1,0,0,0
6989586621679009857,6989586621679009857,0,0,0,1,0,0,0
6989586621679009858,6989586621679009858,0,0,0,1,0,0,0
6989586621679009859,6989586621679009859,0,0,0,1,0,0,0
6989586621679009860,6989586621679009860,0,0,0,1,0,0,0
6989586621679009861,6989586621679009861,0,0,0,1,0,0,0
6989586621679009862,6989586621679009862,0,0,0,1,0,0,0
6989586621679009863,6989586621679009863,0,0,0,1,0,0,0
6989586621679009864,6989586621679009864,0,0,0,1,0,0,0
6989586621679009865,6989586621679009865,0,0,0,1,0,0,0
6989586621679009866,6989586621679009866,0,0,0,1,0,0,0
6989586621679009867,6989586621679009867,0,0,0,1,0,0,0
6989586621679009868,6989586621679009868,0,0,0,1,0,0,0
6989586621679009869,6989586621679009869,0,0,0,1,0,0,0
6989586621679009870,6989586621679009870,0,0,0,1,0,0,0
6989586621679009871,6989586621679009871,0,0,0,1,0,0,0
6989586621679009872,6989586621679009872,0,0,0,1,0,0,0
6989586621679009873,6989586621679009873,0,0,0,1,0,0,0
6989586621679009874,6989586621679009874,0,0,0,1,0,0,0
6989586621679009875,6989586621679009875,0,0,0,1,0,0,0
6989586621679009876,6989586621679009876,0,0,0,1,0,0,0
6989586621679009877,6989586621679009877,0,0,0,1,0,0,0
6989586621679009878,6989586621679009878,0,0,0,1,0,0,0
6989586621679009879,6989586621679009879,0,0,0,1,0,0,0
6989586621679009880,6989586621679009880,0,0,0,1,0,0,0
6989586621679009881,6989586621679009881,0,0,0,1,0,0,0
6989586621679009882,6989586621679009882,0,0,0,1,0,0,0
6989586621679009883,6989586621679009883,0,0,0,1,0,0,0
6989586621679009884,6989586621679009884,0,0,0,1,0,0,0
6989586621679009885,6989586621679009885,0,0,0,1,0,0,0
6989586621679009886,6989586621679009886,0,0,0,1,0,0,0
6989586621679009887,6989586621679009887,0,0,0,1,0,0,0
6989586621679009888,6989586621679009888,0,0,0,1,0,0,0
6989586621679009889,6989586621679009889,0,0,0,1,0,0,0
6989586621679009890,6989586621679009890,0,0,0,1,0,0,0
6989586621679009891,6989586621679009891,0,0,0,1,0,0,0
6989586621679009892,6989586621679009892,0,0,0,1,0,0,0
6989586621679009893,6989586621679009893,0,0,0,1,0,0,0
6989586621679009894,6989586621679009894,0,0,0,1,0,0,0
6989586621679009895,6989586621679009895,0,0,0,1,0,0,0
6989586621679009896,6989586621679009896,0,0,0,1,0,0,0
6989586621679009897,6989586621679009897,0,0,0,1,0,0,0
6989586621679009898,6989586621679009898,0,0,0,1,0,0,0
6989586621679009899,6989586621679009899,0,0,0,1,0,0,0
6989586621679009900,6989586621679009900,0,0,0,1,0,0,0
6989586621679009901,6989586621679009901,0,0,0,1,0,0,0
6989586621679009902,6989586621679009902,0,0,0,1,0,0,0
6989586621679009903,6989586621679009903,0,0,0,1,0,0,0
6989586621679009904,6989586621679009904,0,0,0,1,0,0,0
6989586621679009905,6989586621679009905,0,0,0,1,0,0,0
6989586621679009906,6989586621679009906,0,0,0,1,0,0,0
6989586621679009907,6989586621679009907,0,0,0,1,0,0,0
6989586621679009908,6989586621679009908,0,0,0,1,0,0,0
6989586621679009909,6989586621679009909,0,0,0,1,0,0,0
6989586621679009910,6989586621679009910,0,0,0,1,0,0,0
6989586621679009911,6989586621679009911,0,0,0,1,0,0,0
6989586621679009912,6989586621679009912,0,0,0,1,0,0,0
6989586621679009913,6989586621679009913,0,0,0,1,0,0,0
6989586621679009914,6989586621679009914,0,0,0,1,0,0,0
6989586621679009915,6989586621679009915,0,0,0,1,0,0,0
6989586621679009916,6989586621679009916,0,0,0,1,0,0,0
6989586621679009917,6989586621679009917,0,0,0,1,0,0,0
6989586621679009918,6989586621679009918,0,0,0,1,0,0,0
6989586621679010049,6989586621679010049,0,0,0,1,0,0,0
6989586621679010050,6989586621679010050,0,0,0,1,0,0,0
6989586621679010051,6989586621679010051,0,0,0,1,0,0,0
6989586621679010052,6989586621679010052,0,0,0,1,0,0,0
6989586621679010053,6989586621679010053,0,0,0,1,0,0,0
6989586621679010054,6989586621679010054,0,0,0,1,0,0,0
6989586621679010055,6989586621679010055,0,0,0,1,0,0,0
6989586621679010056,6989586621679010056,0,0,0,1,0,0,0
6989586621679010057,6989586621679010057,0,0,0,1,0,0,0
6989586621679010058,6989586621679010058,0,0,0,1,0,0,0
6989586621679010059,6989586621679010059,0,0,0,1,0,0,0
6989586621679010060,6989586621679010060,0,0,0,1,0,0,0
6989586621679010061,6989586621679010061,0,0,0,1,0,0,0
6989586621679010062,6989586621679010062,0,0,0,1,0,0,0
6989586621679010063,6989586621679010063,0,0,0,1,0,0,0
6989586621679010064,6989586621679010064,0,0,0,1,0,0,0
6989586621679010065,6989586621679010065,0,0,0,1,0,0,0
6989586621679010066,6989586621679010066,0,0,0,1,0,0,0
6989586621679010067,6989586621679010067,0,0,0,1,0,0,0
6989586621679010068,6989586621679010068,0,0,0,1,0,0,0
6989586621679010069,6989586621679010069,0,0,0,1,0,0,0
6989586621679010070,6989586621679010070,0,0,0,1,0,0,0
6989586621679010071,6989586621679010071,0,0,0,1,0,0,0
6989586621679010072,6989586621679010072,0,0,0,1,0,0,0
6989586621679010073,6989586621679010073,0,0,0,1,0,0,0
6989586621679010074,6989586621679010074,0,0,0,1,0,0,0
6989586621679010075,6989586621679010075,0,0,0,1,0,0,0
6989586621679010076,6989586621679010076,0,0,0,1,0,0,0
6989586621679010077,6989586621679010077,0,0,0,1,0,0,0
6989586621679010078,6989586621679010078,0,0,0,1,0,0,0
6989586621679010079,6989586621679010079,0,0,0,1,0,0,0
6989586621679010080,6989586621679010080,0,0,0,1,0,0,0
6989586621679010081,6989586621679010081,0,0,0,1,0,0,0
6989586621679010082,6989586621679010082,0,0,0,1,0,0,0
6989586621679010083,6989586621679010083,0,0,0,1,0,0,0
6989586621679010084,6989586621679010084,0,0,0,1,0,0,0
6989586621679010085,6989586621679010085,0,0,0,1,0,0,0
6989586621679010086,6989586621679010086,0,0,0,1,0,0,0
6989586621679010087,6989586621679010087,0,0,0,1,0,0,0
6989586621679010088,6989586621679010088,0,0,0,1,0,0,0
6989586621679010089,6989586621679010089,0,0,0,1,0,0,0
6989586621679010090,6989586621679010090,0,0,0,1,0,0,0
6989586621679010091,6989586621679010091,0,0,0,1,0,0,0
6989586621679010092,6989586621679010092,0,0,0,1,0,0,0
6989586621679010093,6989586621679010093,0,0,0,1,0,0,0
6989586621679010094,6989586621679010094,0,0,0,1,0,0,0
6989586621679010095,6989586621679010095,0,0,0,1,0,0,0
6989586621679010096,6989586621679010096,0,0,0,1,0,0,0
6989586621679010097,6989586621679010097,0,0,0,1,0,0,0
6989586621679010098,6989586621679010098,0,0,0,1,0,0,0
6989586621679010099,6989586621679010099,0,0,0,1,0,0,0
6989586621679010100,6989586621679010100,0,0,0,1,0,0,0
6989586621679010101,6989586621679010101,0,0,0,1,0,0,0
6989586621679010102,6989586621679010102,0,0,0,1,0,0,0
6989586621679010103,6989586621679010103,0,0,0,1,0,0,0
6989586621679010104,6989586621679010104,0,0,0,1,0,0,0
6989586621679010105,6989586621679010105,0,0,0,1,0,0,0
6989586621679010106,6989586621679010106,0,0,0,1,0,0,0
6989586621679010107,6989586621679010107,0,0,0,1,0,0,0
6989586621679010108,6989586621679010108,0,0,0,1,0,0,0
6989586621679010109,6989586621679010109,0,0,0,1,0,0,0
6989586621679010110,6989586621679010110,0,0,0,1,0,0,0
6989586621679010111,6989586621679010111,0,0,0,1,0,0,0
6989586621679010112,6989586621679010112,0,0,0,1,0,0,0
6989586621679010113,6989586621679010113,0,0,0,1,0,0,0
6989586621679010114,6989586621679010114,0,0,0,1,0,0,0
6989586621679010115,6989586621679010115,0,0,0,1,0,0,0
6989586621679010116,6989586621679010116,0,0,0,1,0,0,0
6989586621679010117,6989586621679010117,0,0,0,1,0,0,0
6989586621679010118,6989586621679010118,0,0,0,1,0,0,0
6989586621679010119,6989586621679010119,0,0,0,1,0,0,0
6989586621679010120,6989586621679010120,0,0,0,1,0,0,0
6989586621679010121,6989586621679010121,0,0,0,1,0,0,0
6989586621679010122,6989586621679010122,0,0,0,1,0,0,0
6989586621679010123,6989586621679010123,0,0,0,1,0,0,0
6989586621679010124,6989586621679010124,0,0,0,1,0,0,0
6989586621679010125,6989586621679010125,0,0,0,1,0,0,0
6989586621679010126,6989586621679010126,0,0,0,1,0,0,0
6989586621679010127,6989586621679010127,0,0,0,1,0,0,0
6989586621679010128,6989586621679010128,0,0,0,1,0,0,0
6989586621679010129,6989586621679010129,0,0,0,1,0,0,0
6989586621679010130,6989586621679010130,0,0,0,1,0,0,0
6989586621679010131,6989586621679010131,0,0,0,1,0,0,0
6989586621679010132,6989586621679010132,0,0,0,1,0,0,0
6989586621679010133,6989586621679010133,0,0,0,1,0,0,0
6989586621679010134,6989586621679010134,0,0,0,1,0,0,0
6989586621679010135,6989586621679010135,0,0,0,1,0,0,0
6989586621679010136,6989586621679010136,0,0,0,1,0,0,0
6989586621679010137,6989586621679010137,0,0,0,1,0,0,0
6989586621679010138,6989586621679010138,0,0,0,1,0,0,0
6989586621679010139,6989586621679010139,0,0,0,1,0,0,0
6989586621679010140,6989586621679010140,0,0,0,1,0,0,0
6989586621679010141,6989586621679010141,0,0,0,1,0,0,0
6989586621679010142,6989586621679010142,0,0,0,1,0,0,0
6989586621679010143,6989586621679010143,0,0,0,1,0,0,0
6989586621679010144,6989586621679010144,0,0,0,1,0,0,0
6989586621679010145,6989586621679010145,0,0,0,1,0,0,0
6989586621679010146,6989586621679010146,0,0,0,1,0,0,0
6989586621679010147,6989586621679010147,0,0,0,1,0,0,0
6989586621679010148,6989586621679010148,0,0,0,1,0,0,0
6989586621679010149,6989586621679010149,0,0,0,1,0,0,0
6989586621679010150,6989586621679010150,0,0,0,1,0,0,0
6989586621679010151,6989586621679010151,0,0,0,1,0,0,0
6989586621679010152,6989586621679010152,0,0,0,1,0,0,0
6989586621679010153,6989586621679010153,0,0,0,1,0,0,0
6989586621679010154,6989586621679010154,0,0,0,1,0,0,0
6989586621679010155,6989586621679010155,0,0,0,1,0,0,0
6989586621679010156,6989586621679010156,0,0,0,1,0,0,0
6989586621679010157,6989586621679010157,0,0,0,1,0,0,0
6989586621679010158,6989586621679010158,0,0,0,1,0,0,0
6989586621679010159,6989586621679010159,0,0,0,1,0,0,0
6989586621679010160,6989586621679010160,0,0,0,1,0,0,0
6989586621679010161,6989586621679010161,0,0,0,1,0,0,0
6989586621679010162,6989586621679010162,0,0,0,1,0,0,0
6989586621679010163,6989586621679010163,0,0,0,1,0,0,0
6989586621679010164,6989586621679010164,0,0,0,1,0,0,0
6989586621679010165,6989586621679010165,0,0,0,1,0,0,0
6989586621679010166,6989586621679010166,0,0,0,1,0,0,0
6989586621679010167,6989586621679010167,0,0,0,1,0,0,0
6989586621679010168,6989586621679010168,0,0,0,1,0,0,0
6989586621679010169,6989586621679010169,0,0,0,1,0,0,0
6989586621679010170,6989586621679010170,0,0,0,1,0,0,0
6989586621679010171,6989586621679010171,0,0,0,1,0,0,0
6989586621679010172,6989586621679010172,0,0,0,1,0,0,0
6989586621679010173,6989586621679010173,0,0,0,1,0,0,0
6989586621679010174,6989586621679010174,0,0,0,1,0,0,0
6989586621679010175,6989586621679010175,0,0,0,1,0,0,0
6989586621679010176,6989586621679010176,0,0,0,1,0,0,0
6989586621679010177,6989586621679010177,0,0,0,1,0,0,0
6989586621679010178,6989586621679010178,0,0,0,1,0,0,0
6989586621679010179,6989586621679010179,0,0,0,1,0,0,0
6989586621679010180,6989586621679010180,0,0,0,1,0,0,0
6989586621679010181,6989586621679010181,0,0,0,1,0,0,0
6989586621679010182,6989586621679010182,0,0,0,1,0,0,0
6989586621679010183,6989586621679010183,0,0,0,1,0,0,0
6989586621679010184,6989586621679010184,0,0,0,1,0,0,0
6989586621679010185,6989586621679010185,0,0,0,1,0,0,0
6989586621679010186,6989586621679010186,0,0,0,1,0,0,0
6989586621679010187,6989586621679010187,0,0,0,1,0,0,0
6989586621679010188,6989586621679010188,0,0,0,1,0,0,0
6989586621679010189,6989586621679010189,0,0,0,1,0,0,0
6989586621679010190,6989586621679010190,0,0,0,1,0,0,0
6989586621679010191,6989586621679010191,0,0,0,1,0,0,0
6989586621679010192,6989586621679010192,0,0,0,1,0,0,0
6989586621679010193,6989586621679010193,0,0,0,1,0,0,0
6989586621679010194,6989586621679010194,0,0,0,1,0,0,0
6989586621679010195,6989586621679010195,0,0,0,1,0,0,0
6989586621679010196,6989586621679010196,0,0,0,1,0,0,0
6989586621679010197,6989586621679010197,0,0,0,1,0,0,0
6989586621679010198,6989586621679010198,0,0,0,1,0,0,0
6989586621679010199,6989586621679010199,0,0,0,1,0,0,0
6989586621679010200,6989586621679010200,0,0,0,1,0,0,0
6989586621679010201,6989586621679010201,0,0,0,1,0,0,0
6989586621679010202,6989586621679010202,0,0,0,1,0,0,0
6989586621679010203,6989586621679010203,0,0,0,1,0,0,0
6989586621679010204,6989586621679010204,0,0,0,1,0,0,0
6989586621679010205,6989586621679010205,0,0,0,1,0,0,0
6989586621679010206,6989586621679010206,0,0,0,1,0,0,0
6989586621679010207,6989586621679010207,0,0,0,1,0,0,0
6989586621679010208,6989586621679010208,0,0,0,1,0,0,0
6989586621679010209,6989586621679010209,0,0,0,1,0,0,0
6989586621679010210,6989586621679010210,0,0,0,1,0,0,0
6989586621679010211,6989586621679010211,0,0,0,1,0,0,0
6989586621679010212,6989586621679010212,0,0,0,1,0,0,0
6989586621679010213,6989586621679010213,0,0,0,1,0,0,0
6989586621679010214,6989586621679010214,0,0,0,1,0,0,0
6989586621679010215,6989586621679010215,0,0,0,1,0,0,0
6989586621679010216,6989586621679010216,0,0,0,1,0,0,0
6989586621679010217,6989586621679010217,0,0,0,1,0,0,0
6989586621679010218,6989586621679010218,0,0,0,1,0,0,0
6989586621679010219,6989586621679010219,0,0,0,1,0,0,0
6989586621679010220,6989586621679010220,0,0,0,1,0,0,0
6989586621679010221,6989586621679010221,0,0,0,1,0,0,0
6989586621679010222,6989586621679010222,0,0,0,1,0,0,0
6989586621679010223,6989586621679010223,0,0,0,1,0,0,0
6989586621679010224,6989586621679010224,0,0,0,1,0,0,0
6989586621679010225,6989586621679010225,0,0,0,1,0,0,0
6989586621679010226,6989586621679010226,0,0,0,1,0,0,0
6989586621679010227,6989586621679010227,0,0,0,1,0,0,0
6989586621679010228,6989586621679010228,0,0,0,1,0,0,0
6989586621679010229,6989586621679010229,0,0,0,1,0,0,0
6989586621679010230,6989586621679010230,0,0,0,1,0,0,0
6989586621679010231,6989586621679010231,0,0,0,1,0,0,0
6989586621679010232,6989586621679010232,0,0,0,1,0,0,0
6989586621679010233,6989586621679010233,0,0,0,1,0,0,0
6989586621679010234,6989586621679010234,0,0,0,1,0,0,0
6989586621679010235,6989586621679010235,0,0,0,1,0,0,0
6989586621679010236,6989586621679010236,0,0,0,1,0,0,0
6989586621679010237,6989586621679010237,0,0,0,1,0,0,0
6989586621679010238,6989586621679010238,0,0,0,1,0,0,0
6989586621679010239,6989586621679010239,0,0,0,1,0,0,0
6989586621679010240,6989586621679010240,0,0,0,1,0,0,0
6989586621679010241,6989586621679010241,0,0,0,1,0,0,0
6989586621679010242,6989586621679010242,0,0,0,1,0,0,0
6989586621679010243,6989586621679010243,0,0,0,1,0,0,0
6989586621679010244,6989586621679010244,0,0,0,1,0,0,0
6989586621679010245,6989586621679010245,0,0,0,1,0,0,0
6989586621679010246,6989586621679010246,0,0,0,1,0,0,0
6989586621679010247,6989586621679010247,0,0,0,1,0,0,0
6989586621679010248,6989586621679010248,0,0,0,1,0,0,0
6989586621679010249,6989586621679010249,0,0,0,1,0,0,0
6989586621679010250,6989586621679010250,0,0,0,1,0,0,0
6989586621679010251,6989586621679010251,0,0,0,1,0,0,0
6989586621679010252,6989586621679010252,0,0,0,1,0,0,0
6989586621679010253,6989586621679010253,0,0,0,1,0,0,0
6989586621679010254,6989586621679010254,0,0,0,1,0,0,0
6989586621679010255,6989586621679010255,0,0,0,1,0,0,0
6989586621679010256,6989586621679010256,0,0,0,1,0,0,0
6989586621679010257,6989586621679010257,0,0,0,1,0,0,0
6989586621679010258,6989586621679010258,0,0,0,1,0,0,0
6989586621679010259,6989586621679010259,0,0,0,1,0,0,0
6989586621679010260,6989586621679010260,0,0,0,1,0,0,0
6989586621679010261,6989586621679010261,0,0,0,1,0,0,0
6989586621679010262,6989586621679010262,0,0,0,1,0,0,0
6989586621679010263,6989586621679010263,0,0,0,1,0,0,0
6989586621679010264,6989586621679010264,0,0,0,1,0,0,0
6989586621679010265,6989586621679010265,0,0,0,1,0,0,0
6989586621679010266,6989586621679010266,0,0,0,1,0,0,0
6989586621679010267,6989586621679010267,0,0,0,1,0,0,0
6989586621679010268,6989586621679010268,0,0,0,1,0,0,0
6989586621679010269,6989586621679010269,0,0,0,1,0,0,0
6989586621679010270,6989586621679010270,0,0,0,1,0,0,0
6989586621679010271,6989586621679010271,0,0,0,1,0,0,0
6989586621679010272,6989586621679010272,0,0,0,1,0,0,0
6989586621679010273,6989586621679010273,0,0,0,1,0,0,0
6989586621679010274,6989586621679010274,0,0,0,1,0,0,0
6989586621679010275,6989586621679010275,0,0,0,1,0,0,0
6989586621679010276,6989586621679010276,0,0,0,1,0,0,0
6989586621679010277,6989586621679010277,0,0,0,1,0,0,0
6989586621679010278,6989586621679010278,0,0,0,1,0,0,0
6989586621679010279,6989586621679010279,0,0,0,1,0,0,0
6989586621679010280,6989586621679010280,0,0,0,1,0,0,0
6989586621679010281,6989586621679010281,0,0,0,1,0,0,0
6989586621679010282,6989586621679010282,0,0,0,1,0,0,0
6989586621679010283,6989586621679010283,0,0,0,1,0,0,0
6989586621679010284,6989586621679010284,0,0,0,1,0,0,0
6989586621679010285,6989586621679010285,0,0,0,1,0,0,0
6989586621679010286,6989586621679010286,0,0,0,1,0,0,0
6989586621679010287,6989586621679010287,0,0,0,1,0,0,0
6989586621679010288,6989586621679010288,0,0,0,1,0,0,0
6989586621679010289,6989586621679010289,0,0,0,1,0,0,0
6989586621679010290,6989586621679010290,0,0,0,1,0,0,0
6989586621679010291,6989586621679010291,0,0,0,1,0,0,0
6989586621679010292,6989586621679010292,0,0,0,1,0,0,0
6989586621679010293,6989586621679010293,0,0,0,1,0,0,0
6989586621679010294,6989586621679010294,0,0,0,1,0,0,0
6989586621679010295,6989586621679010295,0,0,0,1,0,0,0
6989586621679010296,6989586621679010296,0,0,0,1,0,0,0
6989586621679010297,6989586621679010297,0,0,0,1,0,0,0
6989586621679010298,6989586621679010298,0,0,0,1,0,0,0
6989586621679010299,6989586621679010299,0,0,0,1,0,0,0
6989586621679010300,6989586621679010300,0,0,0,1,0,0,0
6989586621679010301,6989586621679010301,0,0,0,1,0,0,0
6989586621679010302,6989586621679010302,0,0,0,1,0,0,0
6989586621679010303,6989586621679010303,0,0,0,1,0,0,0
6989586621679010304,6989586621679010304,0,0,0,1,0,0,0
6989586621679010305,6989586621679010305,0,0,0,1,0,0,0
6989586621679010306,6989586621679010306,0,0,0,1,0,0,0
6989586621679010307,6989586621679010307,0,0,0,1,0,0,0
6989586621679010308,6989586621679010308,0,0,0,1,0,0,0
6989586621679010309,6989586621679010309,0,0,0,1,0,0,0
6989586621679010310,6989586621679010310,0,0,0,1,0,0,0
6989586621679010311,6989586621679010311,0,0,0,1,0,0,0
6989586621679010312,6989586621679010312,0,0,0,1,0,0,0
6989586621679010313,6989586621679010313,0,0,0,1,0,0,0
6989586621679010314,6989586621679010314,0,0,0,1,0,0,0
6989586621679010315,6989586621679010315,0,0,0,1,0,0,0
6989586621679010316,6989586621679010316,0,0,0,1,0,0,0
6989586621679010317,6989586621679010317,0,0,0,1,0,0,0
6989586621679010318,6989586621679010318,0,0,0,1,0,0,0
6989586621679010319,6989586621679010319,0,0,0,1,0,0,0
6989586621679010320,6989586621679010320,0,0,0,1,0,0,0
6989586621679010321,6989586621679010321,0,0,0,1,0,0,0
6989586621679010322,6989586621679010322,0,0,0,1,0,0,0
6989586621679010323,6989586621679010323,0,0,0,1,0,0,0
6989586621679010324,6989586621679010324,0,0,0,1,0,0,0
6989586621679010325,6989586621679010325,0,0,0,1,0,0,0
6989586621679010326,6989586621679010326,0,0,0,1,0,0,0
6989586621679010327,6989586621679010327,0,0,0,1,0,0,0
6989586621679010328,6989586621679010328,0,0,0,1,0,0,0
6989586621679010329,6989586621679010329,0,0,0,1,0,0,0
6989586621679010330,6989586621679010330,0,0,0,1,0,0,0
6989586621679010331,6989586621679010331,0,0,0,1,0,0,0
6989586621679010332,6989586621679010332,0,0,0,1,0,0,0
